[gd_scene load_steps=3 format=2]

[ext_resource path="res://Props/Cafe/CafeChair.tscn" type="PackedScene" id=1]
[ext_resource path="res://Props/Cafe/CafeTable.tscn" type="PackedScene" id=2]

[node name="Cafe" type="Spatial"]

[node name="CafeTable " parent="." instance=ExtResource( 2 )]
transform = Transform( 1, 0, 0, 0, 1, 0, 0, 0, 1, -2.51794, 1.16064, 2.5945 )

[node name="CafeChair " parent="." instance=ExtResource( 1 )]
transform = Transform( 1, 0, 0, 0, 1, 0, 0, 0, 1, -2.6974, 0.819407, 1.44845 )

[node name="CafeChair 2" parent="." instance=ExtResource( 1 )]
transform = Transform( -0.999962, 0, 0.00872664, 0, 1, 0, -0.00872664, 0, -0.999962, -2.72685, 0.819407, 3.81123 )

[node name="CafeChair 3" parent="." instance=ExtResource( 1 )]
transform = Transform( 0.0509763, 0, -0.9987, 0, 1, 0, 0.9987, 0, 0.0509763, -1.26196, 0.819407, 2.40691 )

[node name="CafeChair 4" parent="." instance=ExtResource( 1 )]
transform = Transform( -0.0711318, 0, 0.997467, 0, 1, 0, -0.997467, 0, -0.0711318, -3.89792, 0.819407, 2.73006 )

[node name="CafeTable 2" parent="." instance=ExtResource( 2 )]
transform = Transform( 0.870192, 0, -0.492712, 0, 1, 0, 0.492712, 0, 0.870192, -2.30773, 1.16064, 6.23018 )

[node name="CafeChair 5" parent="." instance=ExtResource( 1 )]
transform = Transform( 0.870192, 0, -0.492712, 0, 1, 0, 0.492712, 0, 0.870192, -1.89922, 0.819407, 5.14448 )

[node name="CafeChair 6" parent="." instance=ExtResource( 1 )]
transform = Transform( -0.86586, 0, 0.500287, 0, 1, 0, -0.500287, 0, -0.86586, -3.08902, 0.819407, 7.18604 )

[node name="CafeChair 7" parent="." instance=ExtResource( 1 )]
transform = Transform( -0.447712, 0, -0.894178, 0, 1, 0, 0.894178, 0, -0.447712, -1.12236, 0.819407, 6.68577 )

[node name="CafeChair 8" parent="." instance=ExtResource( 1 )]
transform = Transform( 0.429566, 0, 0.903036, 0, 1, 0, -0.903036, 0, 0.429566, -3.57537, 0.819407, 5.66821 )

[node name="CafeTable 3" parent="." instance=ExtResource( 2 )]
transform = Transform( 0.870802, 0, -0.491633, 0, 1, 0, 0.491633, 0, 0.870802, -6.01757, 1.16064, 6.27192 )

[node name="CafeChair 9" parent="." instance=ExtResource( 1 )]
transform = Transform( 0.870802, 0, -0.491633, 0, 1, 0, 0.491633, 0, 0.870802, -5.6104, 0.819407, 5.18571 )

[node name="CafeChair 10" parent="." instance=ExtResource( 1 )]
transform = Transform( -0.866479, 0, 0.499214, 0, 1, 0, -0.499214, 0, -0.866479, -6.79767, 0.819407, 7.22875 )

[node name="CafeChair 11" parent="." instance=ExtResource( 1 )]
transform = Transform( -0.446604, 0, -0.894732, 0, 1, 0, 0.894732, 0, -0.446604, -4.83164, 0.819407, 6.72605 )

[node name="CafeChair 12" parent="." instance=ExtResource( 1 )]
transform = Transform( 0.428446, 0, 0.903567, 0, 1, 0, -0.903567, 0, 0.428446, -7.28591, 0.819407, 5.71153 )

[node name="CafeTable 4" parent="." instance=ExtResource( 2 )]
transform = Transform( 0.999875, 0, -0.015812, 0, 1, 0, 0.015812, 0, 0.999875, -6.02551, 1.16064, 2.81 )

[node name="CafeChair 13" parent="." instance=ExtResource( 1 )]
transform = Transform( 0.999875, 0, -0.015812, 0, 1, 0, 0.015812, 0, 0.999875, -6.18681, 0.819407, 1.66126 )

[node name="CafeChair 15" parent="." instance=ExtResource( 1 )]
transform = Transform( -0.810829, 0, -0.585283, 0, 1, 0, 0.585283, 0, -0.810829, -5.14795, 0.819407, 3.6674 )

[node name="CafeChair 16" parent="." instance=ExtResource( 1 )]
transform = Transform( -0.506019, 0, 0.862522, 0, 1, 0, -0.862522, 0, -0.506019, -7.16436, 0.819407, 3.34791 )
